332354
530040
568270
877160
428597
323581
219555
625296
207743
280703
736869
253691
412210
176225
952430
492365
471930
432089
271245
504704
777185
331533
954552
603617
396979
632489
818254
43814
255876
751939
7892
498049
786226
166293
650751
613687
95683
238322
257695
114433
596837
713813
457265
211316
903649
607622
65170
79049
772130
934795
56924
983603
375563
97337
919602
541353
28559
584865
848649
839012
13415
733758
950926
136252
126796
916141
334677
33573
81011
338798
406425
698065
352808
58910
935318
875409
708588
277994
159177
873132
660069
943463
669156
749523
848728
930028
78430
900985
949235
557175
654770
585043
942594
76759
923618
307626
315352
438721
454655
563092
584712
29419
443271
133254
875328
651537
707319
164029
354033
34567
848780
351727
946386
703413
467855
387554
736933
857201
838669
604833
849797
349442
621459
102122
893904
343215
26261
291781
604647
762470
501804
906113
277049
987079
772452
991758
501053
659953
458776
990619
69628
444902
149624
300967
688544
730889
939614
509290
125795
434243
714414
940229
695475
499266
861353
620018
321711
725646
669010
635157
870705
384477
664140
7906
618372
930491
961407
827126
897901
3484
225945
468103
941237
808980
902350
708527
139581
246378
418261
20187
134465
614561
847604
606014
71619
866782
400179
51911
612214
561117
16453
925382
276761
949559
513968
387018
294978
755453
860326
825592
271941
471187
148260
103730
255711
303327
565914
