635841
300745
491696
120625
114577
311386
310419
990617
747824
660933
946408
864488
159280
547785
239955
543806
200561
2334
639004
811075
606370
549959
638168
27460
912620
416381
732669
351228
615420
923223
997521
645001
586222
723719
571520
682949
194156
308959
434210
838873
373186
505217
969934
508676
405378
763075
80318
503968
661864
392711
810749
458687
927644
682688
548423
761189
6399
570332
347725
727832
672823
803958
202277
264436
162310
644150
935193
679507
965977
277900
430587
891153
617844
77669
853702
772567
81039
599975
129297
435277
762359
269601
557309
397137
868003
255889
462612
672041
111335
176112
798411
584941
24813
263576
652183
53987
457070
245846
606
457982
86805
152569
842556
858771
911457
591815
125510
992507
137806
335737
491491
133209
119079
254565
655313
181447
740937
841286
511850
345134
137499
103665
682046
820543
129298
88571
914008
599842
204562
810368
768475
402002
37755
534154
548686
970925
880610
233615
574789
280861
772144
537221
362191
998002
918105
499600
882451
427037
538243
971880
331994
340898
942307
696257
549870
638158
947994
168514
483506
698628
850510
208495
204494
120245
423117
706996
215525
463855
893261
226788
28689
987427
100694
628479
875327
495406
140299
219670
467076
644103
7791
298817
801361
472774
318338
282120
417313
544464
485061
622733
995492
806805
621206
753408
587968
131720
890145
156574
416794
759855
692982
904606
40350
723067
616860
901715
828684
403978
544078
917081
507241
148381
95863
476991
570992
273274
71125
767012
340798
267163
402209
174980
646596
652733
55374
420078
232373
684377
778804
382428
651312
916518
306486
572237
209787
898741
711893
33262
172307
185562
958243
739760
514385
609234
192576
782103
715846
775304
262885
937922
605037
114473
845069
547080
256189
834433
21717
679036
958443
312676
967818
536496
158163
455374
383392
10452
286339
66344
834900
337272
726265
717225
329017
350328
730821
298396
271609
449319
642909
210669
405744
544537
705728
802645
676758
21023
345494
122104
411741
496948
988517
623857
924236
552206
728521
577164
908837
552396
61245
200589
154124
157839
326238
626208
831146
641771
805150
439854
276912
322400
784518
58864
524518
867017
533952
982744
338661
825816
147716
639149
774779
699650
589940
605707
650253
185522
910525
96870
161838
95613
361129
636849
170535
283326
951120
649260
586806
538922
518833
668465
691384
675424
397864
855
514414
943943
78298
211739
123172
560353
296279
45357
739122
428327
888263
139482
299287
180902
867349
918446
350033
499418
616234
765792
888343
330838
291214
72807
77388
673927
143364
156951
192918
176506
841621
424590
627583
675849
584663
141685
182422
986342
143353
839641
994520
343425
794214
678520
491356
154626
893651
512669
155165
499161
10233
19627
556572
611015
559477
552001
987381
419820
533948
652883
207663
147545
252743
309818
221278
44070
358464
428841
127660
576417
624916
621633
479682
557439
393043
98150
482365
161109
351271
160037
80808
634421
586670
15573
956928
619800
989499
229383
470446
784140
627806
277644
300626
651774
759668
639314
799523
946475
601966
524056
575902
333661
293776
127976
895509
638937
394500
104113
515521
525105
